1 Zadacha
DEC -> BIN
98 (10) -> (2)
98 / 2 = 49 0
49 / 2 =  24   1
24 / 2 = 12 0
12 /2 = 6 0
6 / 2 = 3 0
3 / 2 = 1 1

 ili 
128 64 32 16 8 4 2 1
0  1   1  0  0  0 1 0 = 01100010

56 (10) -> (2)
128 64 32 16 8 4 2 1
0   0  1   1 1 0 0 0 = 00111000 ili 111000

1000(10) - (2)
512 256 128 64 32 16 8 4 2 1 
1   1   1   1  1  0  1 0 0 0 = 1111101000

BIN -> DEC

10(2) -> (10)
8 4 2 1 
0 0 1 0  --> 2(10)

11101(2) -> (10)
  64 32 16 8 4 2 1
   0  0  1 1 1 0 1  = 29(10)

1001(2) -> (10)
   8 4 2 1
   1  0 0 1  = 9(10)

1110111(2) -> (10)

 64 32 16 8 4 2 1
 1  1  1 0 1 1 1     = 64 + 32 + 16 + 4 + 2 + 1 == 119

 DEC -> HEX
 48(10) -> (16)
 48 / 16 = 3
 3 / 16  = 0  == 30

 156(10) -> (16)
 156 / 16 == 9,75
 0,75 * 16 = 12 == C --> 9C

 100(10) -> (16)
 100 / 16 = 6,25 
 0,25 * 16 = 4  -> 64
